WCO -390.008000 -463.452000 -216.206665
-199.999900 -199.999900 -0.083800
-150.000100 -199.999900 -0.083800
-100.000100 -199.999900 -0.078800
-50.000100 -199.999900 -0.078800
-0.000100 -199.999900 -0.038800
49.999900 -199.999900 -0.033800
99.999900 -199.999900 -0.023700
149.999900 -199.999900 -0.033700
199.999900 -200.000000 -0.053800
199.999900 -150.000100 -0.068800
150.000100 -150.000000 -0.028800
100.000100 -150.000100 -0.028800
50.000100 -150.000000 -0.038800
0.000100 -150.000000 -0.058800
-49.999900 -150.000000 -0.078800
-99.999900 -150.000000 -0.078800
-149.999900 -150.000000 -0.088800
-199.999900 -150.000100 -0.108800
-199.999900 -100.000100 -0.103800
-150.000100 -100.000000 -0.073900
-100.000100 -100.000000 -0.063800
-50.000100 -100.000000 -0.083800
-0.000100 -100.000100 -0.078800
49.999900 -100.000000 -0.053800
99.999900 -100.000000 -0.053800
149.999900 -100.000100 -0.043800
199.999900 -100.000000 -0.083800
199.999900 -50.000000 -0.093800
150.000100 -50.000100 -0.073800
100.000100 -50.000000 -0.073800
50.000100 -50.000100 -0.073800
0.000100 -50.000000 -0.128800
-49.999900 -50.000000 -0.078800
-99.999900 -50.000000 -0.063800
-149.999900 -50.000000 -0.068900
-199.999900 -50.000000 -0.103800
-199.999900 0.000000 -0.073800
-150.000100 0.000000 -0.088800
-100.000100 0.000000 -0.078800
-50.000100 -0.000100 -0.068800
-0.000100 0.000000 -0.073800
49.999900 -0.000100 -0.053700
99.999900 0.000000 -0.068800
149.999900 0.000000 -0.073800
199.999900 0.000000 -0.118800
199.999900 50.000000 -0.118800
150.000100 50.000000 -0.083800
100.000100 50.000000 -0.063800
50.000100 50.000000 -0.048800
0.000100 50.000000 -0.058700
-49.999900 50.000000 -0.083800
-99.999900 49.999900 -0.103800
-149.999900 50.000000 -0.108800
-199.999900 50.000000 -0.093800
-199.999900 100.000000 -0.093800
-150.000100 100.000000 -0.103700
-100.000100 100.000000 -0.113800
-50.000100 100.000000 -0.088800
-0.000100 100.000000 -0.058800
49.999900 100.000000 -0.058800
99.999900 100.000000 -0.078700
149.999900 100.000000 -0.123800
199.999900 100.000000 -0.158900
199.999900 149.999900 -0.178800
150.000100 150.000000 -0.128800
100.000100 150.000000 -0.103800
50.000100 150.000000 -0.088800
0.000100 150.000000 -0.088800
-49.999900 150.000000 -0.098800
-99.999900 150.000000 -0.133900
-149.999900 150.000000 -0.118700
-199.999900 150.000000 -0.123800
