WCO -346.256000 -351.776000 -143.106400
-159.999900 -59.999900 0.504900
-120.000100 -59.999900 0.194900
-80.000100 -59.999900 -0.005000
-40.000100 -59.999900 -0.165000
-0.000100 -59.999900 -0.285000
39.999900 -59.999900 -0.355000
79.999900 -59.999900 -0.405000
119.999900 -59.999900 -0.415100
159.999900 -59.999900 -0.435100
159.999900 -20.000000 -0.335100
120.000100 -20.000000 -0.295000
80.000100 -20.000000 -0.825100
40.000100 -20.000000 -0.245100
0.000100 -20.000000 -0.175000
-39.999900 -20.000000 -0.065000
-79.999900 -20.000000 0.074900
-119.999900 -20.000000 0.254900
-159.999900 -20.000000 0.495000
-159.999900 20.000000 0.444900
-120.000100 20.000000 0.255000
-80.000100 20.000000 0.104800
-40.000100 20.000000 -0.015000
-0.000100 20.000000 -0.105100
39.999900 20.000000 -0.165000
79.999900 20.000000 -0.185000
119.999900 20.000000 -0.215000
159.999900 20.000000 -0.245000
159.999900 60.000000 -0.215100
120.000100 60.000000 -0.165100
80.000100 60.000000 -0.145000
40.000100 60.000000 -0.125000
0.000100 60.000000 -0.065100
-39.999900 60.000000 0.004900
-79.999900 60.000000 0.114900
-119.999900 60.000000 0.204900
-159.999900 60.000000 0.344900
